a=0;
b=2;
e=0.001;
f1=1;
